rder: 3327 1405 508 212 139 74 190 173 195 377 275 279 496 466 905 718 628 569 547 615 711 683 850 763 788 881 872 891 1115 966 932 955 1101 1104 1242 1156 1121 1216 1256 1987 1638 1569 1492 1478 1539 1553 1622 1581 1876 1825 1816 1969 2460 2081 2011 1992 2078 2030 2156 2120 2141 2283 2441 3108 2584 2473 2507 2902 2699 3001 3305 3205 3196 3238 3315 3308 3320 6853 4981 4138 3882 3601 3411 3344 3383 3503 3486 3529 3708 3651 3833 3824 3977 3965 3946 4017 3982 4077 4060 4672 4266 4236 4233 4250 4377 4765 4710 4727 4920 4861 4805 4873 4942 5623 5062 5002 4982 4996 5017 5031 5356 5321 5130 5352 5344 5476 5456 5603 5925 5737 5682 5630 5863 6568 6148 6008 6114 6369 6293 6475 6672 6666 6674 6694 8663 7754 7178 7082 6892 6876 7049 7163 7091 7554 7273 7198 7500 7609 7634 8272 7809 7775 7762 7787 7978 7863 7811 7940 8024 7999 8083 8343 8311 8327 8585 8503 8621 9421 9169 9041 8874 8740 8775 8877 9139 9114 9320 9303 9391 9383 9675 9616 9665 9792 9724 9677 9934 9907 
InOrder: 74 139 173 190 195 212 275 279 377 466 496 508 547 569 615 628 683 711 718 763 788 850 872 881 891 905 932 955 966 1101 1104 1115 1121 1156 1216 1242 1256 1405 1478 1492 1539 1553 1569 1581 1622 1638 1816 1825 1876 1969 1987 1992 2011 2030 2078 2081 2120 2141 2156 2283 2441 2460 2473 2507 2584 2699 2902 3001 3108 3196 3205 3238 3305 3308 3315 3320 3327 3344 3383 3411 3486 3503 3529 3601 3651 3708 3824 3833 3882 3946 3965 3977 3982 4017 4060 4077 4138 4233 4236 4250 4266 4377 4672 4710 4727 4765 4805 4861 4873 4920 4942 4981 4982 4996 5002 5017 5031 5062 5130 5321 5344 5352 5356 5456 5476 5603 5623 5630 5682 5737 5863 5925 6008 6114 6148 6293 6369 6475 6568 6666 6672 6674 6694 6853 6876 6892 7049 7082 7091 7163 7178 7198 7273 7500 7554 7609 7634 7754 7762 7775 7787 7809 7811 7863 7940 7978 7999 8024 8083 8272 8311 8327 8343 8503 8585 8621 8663 8740 8775 8874 8877 9041 9114 9139 9169 9303 9320 9383 9391 9421 9616 9665 9675 9677 9724 9792 9907 9934 
Post-Order: 74 173 195 190 139 279 275 466 496 377 212 547 615 569 683 711 628 788 763 872 891 881 850 718 955 932 1104 1101 966 1121 1216 1156 1256 1242 1115 905 508 1478 1553 1539 1492 1581 1622 1569 1816 1825 1969 1876 1638 1992 2030 2078 2011 2141 2120 2441 2283 2156 2081 2507 2473 2699 3001 2902 2584 3196 3238 3205 3308 3320 3315 3305 3108 2460 1987 1405 3383 3344 3486 3529 3503 3411 3651 3824 3833 3708 3601 3946 3965 3982 4060 4077 4017 3977 3882 4233 4250 4236 4377 4266 4727 4710 4805 4873 4861 4942 4920 4765 4672 4138 4996 4982 5031 5017 5002 5130 5344 5352 5321 5456 5603 5476 5356 5062 5630 5682 5863 5737 6114 6008 6293 6475 6369 6148 6666 6694 6674 6672 6568 5925 5623 4981 6876 7049 6892 7091 7163 7082 7198 7500 7273 7634 7609 7554 7178 7762 7787 7775 7811 7940 7863 7999 8083 8024 7978 7809 8327 8311 8503 8621 8585 8343 8272 7754 8775 8740 8877 8874 9114 9139 9041 9303 9383 9391 9320 9169 9665 9616 9677 9724 9907 9934 9792 9675 9421 8663 6853 3327 
508 Found
5682 Found
4266 Found
8874 Found
8663 Found
1405 Found
275 Found
9421 Found
1638 Found
4017 Found
4236 Found
9724 Found
3503 Found
9391 Found
1992 Found
8272 Found
8877 Found
8311 Found
6876 Found
1622 Found
683 Found
8585 Found
7787 Found
139 Found
3833 Found
8503 Found
683 Found
4060 Found
8327 Found
5321 Found
8621 Found
1121 Found
3308 Found
466 Found
4233 Found
2078 Found
5603 Found
7811 Found
6369 Found
7091 Found
Pre-Order: 3327 1405 508 212 139 74 190 173 195 377 275 279 496 466 905 718 628 569 547 615 711 683 850 763 788 881 872 891 1115 966 932 955 1101 1104 1242 1156 1121 1216 1256 1987 1638 1569 1492 1478 1539 1553 1622 1581 1876 1825 1816 1969 2460 2081 2011 1992 2078 2030 2156 2120 2141 2283 2441 3108 2584 2473 2507 2902 2699 3001 3305 3205 3196 3238 3315 3308 3320 6853 4981 4138 3882 3601 3411 3344 3383 3503 3486 3529 3708 3651 3833 3824 3977 3965 3946 4017 3982 4077 4060 4672 4266 4236 4233 4250 4377 4765 4710 4727 4920 4861 4805 4873 4942 5623 5062 5002 4982 4996 5017 5031 5356 5321 5130 5352 5344 5476 5456 5603 5925 5737 5682 5630 5863 6568 6148 6008 6114 6369 6293 6475 6672 6666 6674 6694 8663 7754 7178 7082 6892 6876 7049 7163 7091 7554 7273 7198 7500 7609 7634 8272 7809 7775 7762 7787 7978 7863 7811 7940 8024 7999 8083 8343 8311 8327 8585 8503 8621 9421 9169 9041 8874 8740 8775 8877 9139 9114 9320 9303 9391 9383 9675 9616 9665 9792 9724 9677 9934 9907 
InOrder: 74 139 173 190 195 212 275 279 377 466 496 508 547 569 615 628 683 711 718 763 788 850 872 881 891 905 932 955 966 1101 1104 1115 1121 1156 1216 1242 1256 1405 1478 1492 1539 1553 1569 1581 1622 1638 1816 1825 1876 1969 1987 1992 2011 2030 2078 2081 2120 2141 2156 2283 2441 2460 2473 2507 2584 2699 2902 3001 3108 3196 3205 3238 3305 3308 3315 3320 3327 3344 3383 3411 3486 3503 3529 3601 3651 3708 3824 3833 3882 3946 3965 3977 3982 4017 4060 4077 4138 4233 4236 4250 4266 4377 4672 4710 4727 4765 4805 4861 4873 4920 4942 4981 4982 4996 5002 5017 5031 5062 5130 5321 5344 5352 5356 5456 5476 5603 5623 5630 5682 5737 5863 5925 6008 6114 6148 6293 6369 6475 6568 6666 6672 6674 6694 6853 6876 6892 7049 7082 7091 7163 7178 7198 7273 7500 7554 7609 7634 7754 7762 7775 7787 7809 7811 7863 7940 7978 7999 8024 8083 8272 8311 8327 8343 8503 8585 8621 8663 8740 8775 8874 8877 9041 9114 9139 9169 9303 9320 9383 9391 9421 9616 9665 9675 9677 9724 9792 9907 9934 
Post-Order: 74 173 195 190 139 279 275 466 496 377 212 547 615 569 683 711 628 788 763 872 891 881 850 718 955 932 1104 1101 966 1121 1216 1156 1256 1242 1115 905 508 1478 1553 1539 1492 1581 1622 1569 1816 1825 1969 1876 1638 1992 2030 2078 2011 2141 2120 2441 2283 2156 2081 2507 2473 2699 3001 2902 2584 3196 3238 3205 3308 3320 3315 3305 3108 2460 1987 1405 3383 3344 3486 3529 3503 3411 3651 3824 3833 3708 3601 3946 3965 3982 4060 4077 4017 3977 3882 4233 4250 4236 4377 4266 4727 4710 4805 4873 4861 4942 4920 4765 4672 4138 4996 4982 5031 5017 5002 5130 5344 5352 5321 5456 5603 5476 5356 5062 5630 5682 5863 5737 6114 6008 6293 6475 6369 6148 6666 6694 6674 6672 6568 5925 5623 4981 6876 7049 6892 7091 7163 7082 7198 7500 7273 7634 7609 7554 7178 7762 7787 7775 7811 7940 7863 7999 8083 8024 7978 7809 8327 8311 8503 8621 8585 8343 8272 7754 8775 8740 8877 8874 9114 9139 9041 9303 9383 9391 9320 9169 9665 9616 9677 9724 9907 9934 9792 9675 9421 8663 6853 3327 


