Pre-Order: 6457 2577 952 74 7 287 266 1785 1436 987 1515 2509 1931 2555 3892 3102 2685 2625 2887 3670 3549 4685 4573 3917 4585 6085 6003 4973 6063 6287 7356 7045 6614 6507 6897 6828 7150 7132 7188 8974 8263 7696 7568 8228 8606 8456 9464 8979 9840 9687 
InOrder: 7 74 266 287 952 987 1436 1515 1785 1931 2509 2555 2577 2625 2685 2887 3102 3549 3670 3892 3917 4573 4585 4685 4973 6003 6063 6085 6287 6457 6507 6614 6828 6897 7045 7132 7150 7188 7356 7568 7696 8228 8263 8456 8606 8974 8979 9464 9687 9840 
Post-Order: 7 266 287 74 987 1515 1436 1931 2555 2509 1785 952 2625 2887 2685 3549 3670 3102 3917 4585 4573 4973 6063 6003 6287 6085 4685 3892 2577 6507 6828 6897 6614 7132 7188 7150 7045 7568 8228 7696 8456 8606 8263 8979 9687 9840 9464 8974 7356 6457 
2555 Found
6457 Found
3892 Found
7045 Found
4685 Found
4973 Found
6287 Found
8456 Found
4585 Found
2887 Found
Pre-Order: 6457 2577 952 74 7 287 266 1785 1436 987 1515 2509 1931 2555 3892 3102 2685 2625 2887 3670 3549 4685 4573 3917 4585 6085 6003 4973 6063 6287 7356 7045 6614 6507 6897 6828 7150 7132 7188 8974 8263 7696 7568 8228 8606 8456 9464 8979 9840 9687 
InOrder: 7 74 266 287 952 987 1436 1515 1785 1931 2509 2555 2577 2625 2685 2887 3102 3549 3670 3892 3917 4573 4585 4685 4973 6003 6063 6085 6287 6457 6507 6614 6828 6897 7045 7132 7150 7188 7356 7568 7696 8228 8263 8456 8606 8974 8979 9464 9687 9840 
Post-Order: 7 266 287 74 987 1515 1436 1931 2555 2509 1785 952 2625 2887 2685 3549 3670 3102 3917 4585 4573 4973 6063 6003 6287 6085 4685 3892 2577 6507 6828 6897 6614 7132 7188 7150 7045 7568 8228 7696 8456 8606 8263 8979 9687 9840 9464 8974 7356 6457 
